3.660 4.365 -1.456
3.582 4.337 -1.500
3.504 4.310 -1.545
3.426 4.284 -1.590
3.349 4.257 -1.635
3.271 4.231 -1.680
3.193 4.206 -1.726
3.116 4.181 -1.772
3.038 4.157 -1.818
2.961 4.132 -1.864
2.883 4.109 -1.910
2.805 4.086 -1.957
2.728 4.063 -2.004
2.650 4.041 -2.051
2.572 4.019 -2.098
2.495 3.997 -2.145
2.417 3.976 -2.193
2.340 3.956 -2.241
2.262 3.936 -2.289
2.185 3.916 -2.337
2.107 3.897 -2.386
2.030 3.878 -2.434
1.952 3.860 -2.483
1.874 3.842 -2.532
1.797 3.825 -2.581
1.719 3.808 -2.631
1.642 3.791 -2.681
1.564 3.775 -2.730
1.487 3.760 -2.781
1.410 3.746 -2.831
1.333 3.733 -2.883
1.255 3.721 -2.934
1.178 3.711 -2.986
1.101 3.701 -3.039
1.025 3.692 -3.092
0.948 3.685 -3.146
0.871 3.679 -3.200
0.795 3.674 -3.254
0.718 3.670 -3.309
0.642 3.667 -3.364
0.567 3.669 -3.421
0.494 3.677 -3.479
0.423 3.692 -3.539
0.354 3.712 -3.600
0.286 3.738 -3.662
0.220 3.770 -3.727
0.156 3.808 -3.792
0.095 3.853 -3.859
0.047 3.905 -3.920
0.012 3.966 -3.975
-0.009 4.036 -4.024
-0.016 4.114 -4.066
-0.009 4.201 -4.102
0.010 4.294 -4.133
0.035 4.387 -4.159
0.064 4.477 -4.180
0.097 4.566 -4.197
0.135 4.651 -4.211
0.177 4.735 -4.219
0.223 4.817 -4.224
0.274 4.896 -4.224
0.327 4.973 -4.221
0.382 5.050 -4.217
0.437 5.126 -4.212
0.493 5.201 -4.206
0.550 5.275 -4.200
0.607 5.349 -4.193
0.665 5.423 -4.185
0.723 5.495 -4.176
0.782 5.567 -4.167
0.842 5.638 -4.156
0.902 5.709 -4.145
0.963 5.779 -4.133
1.025 5.848 -4.121
1.087 5.917 -4.108
1.148 5.986 -4.094
1.211 6.055 -4.081
1.273 6.123 -4.067
1.336 6.191 -4.053
1.399 6.258 -4.038
1.462 6.325 -4.024
1.525 6.392 -4.008
1.589 6.459 -3.993
1.653 6.525 -3.977
1.717 6.592 -3.961
1.781 6.657 -3.945
1.845 6.723 -3.928
1.910 6.788 -3.911
1.975 6.853 -3.894
2.040 6.918 -3.876
2.106 6.982 -3.858
2.171 7.046 -3.840
2.237 7.110 -3.822
2.303 7.173 -3.803
2.370 7.236 -3.784
2.436 7.299 -3.764
2.503 7.361 -3.744
2.570 7.424 -3.724
2.637 7.486 -3.704
2.705 7.547 -3.683
