-0.500 0.500 15.000
-0.473 0.430 15.000
-0.446 0.367 15.000
-0.420 0.308 15.000
-0.393 0.255 15.000
-0.366 0.208 15.000
-0.340 0.165 15.000
-0.313 0.128 15.000
-0.287 0.095 15.000
-0.260 0.067 15.000
-0.234 0.043 15.000
-0.207 0.023 15.000
-0.181 0.008 15.000
-0.155 -0.004 15.000
-0.129 -0.011 15.000
-0.102 -0.015 15.000
-0.076 -0.016 15.000
-0.050 -0.013 15.000
-0.024 -0.008 15.000
0.002 0.001 15.000
0.029 0.012 15.000
0.055 0.026 15.000
0.081 0.043 15.000
0.107 0.062 15.000
0.134 0.083 15.000
0.160 0.106 15.000
0.186 0.130 15.000
0.212 0.156 15.000
0.239 0.184 15.000
0.265 0.213 15.000
0.292 0.244 15.000
0.318 0.275 15.000
0.345 0.307 15.000
0.371 0.339 15.000
0.398 0.372 15.000
0.424 0.406 15.000
0.451 0.439 15.000
0.478 0.473 15.000
0.505 0.506 15.000
0.532 0.539 15.000
0.559 0.572 15.000
0.586 0.604 15.000
0.613 0.636 15.000
0.640 0.667 15.000
0.667 0.697 15.000
0.694 0.727 15.000
0.721 0.756 15.000
0.748 0.784 15.000
0.775 0.811 15.000
0.801 0.837 15.000
0.828 0.862 15.000
0.854 0.886 15.000
0.880 0.909 15.000
0.906 0.931 15.000
0.932 0.951 15.000
0.957 0.971 15.000
0.982 0.988 15.000
1.007 1.004 15.000
1.031 1.019 15.000
1.055 1.032 15.000
1.079 1.043 15.000
1.103 1.053 15.000
1.125 1.061 15.000
1.148 1.067 15.000
1.170 1.071 15.000
1.192 1.073 15.000
1.213 1.073 15.000
1.233 1.070 15.000
1.254 1.066 15.000
1.273 1.060 15.000
1.292 1.051 15.000
1.310 1.039 15.000
1.328 1.026 15.000
1.345 1.009 15.000
1.362 0.991 15.000
1.378 0.969 15.000
1.393 0.945 15.000
1.407 0.918 15.000
1.421 0.889 15.000
1.434 0.856 15.000
1.446 0.820 15.000
1.457 0.782 15.000
1.468 0.740 15.000
1.477 0.696 15.000
1.486 0.648 15.000
1.494 0.596 15.000
1.501 0.542 15.000
1.507 0.484 15.000
1.512 0.422 15.000
1.516 0.357 15.000
1.519 0.289 15.000
1.522 0.217 15.000
1.523 0.141 15.000
1.523 0.061 15.000
1.522 -0.022 15.000
1.520 -0.110 15.000
1.517 -0.201 15.000
1.512 -0.297 15.000
1.507 -0.396 15.000
1.500 -0.500 15.000
