0.000 0.000 0.000
0.235 0.237 0.119
0.455 0.463 0.235
0.661 0.678 0.347
0.852 0.882 0.455
1.028 1.074 0.560
1.190 1.256 0.661
1.337 1.427 0.758
1.469 1.587 0.852
1.587 1.736 0.942
1.690 1.873 1.028
1.778 2.000 1.111
1.851 2.116 1.190
1.910 2.220 1.265
1.954 2.314 1.337
1.983 2.397 1.405
1.998 2.468 1.469
2.000 2.530 1.530
2.004 2.591 1.591
2.011 2.652 1.652
2.022 2.712 1.712
2.037 2.773 1.773
2.056 2.833 1.833
2.078 2.894 1.894
2.103 2.955 1.955
2.133 3.015 2.015
2.166 3.076 2.076
2.202 3.136 2.136
2.243 3.197 2.197
2.287 3.258 2.258
2.335 3.318 2.318
2.386 3.379 2.379
2.441 3.439 2.439
2.500 3.500 2.500
2.561 3.561 2.561
2.621 3.621 2.621
2.682 3.682 2.682
2.742 3.742 2.742
2.803 3.803 2.803
2.864 3.864 2.864
2.924 3.924 2.924
2.985 3.985 2.985
3.045 4.045 3.045
3.106 4.106 3.106
3.167 4.167 3.167
3.227 4.227 3.227
3.288 4.288 3.288
3.348 4.348 3.348
3.409 4.409 3.409
3.470 4.470 3.470
3.531 4.530 3.530
3.595 4.587 3.591
3.663 4.640 3.652
3.735 4.690 3.712
3.810 4.736 3.773
3.889 4.778 3.833
3.972 4.816 3.894
4.058 4.851 3.955
4.148 4.882 4.015
4.242 4.910 4.076
4.339 4.934 4.136
4.440 4.954 4.197
4.545 4.971 4.258
4.653 4.983 4.318
4.765 4.993 4.379
4.881 4.998 4.439
5.000 5.000 4.500
5.116 5.004 4.557
5.220 5.015 4.607
5.314 5.033 4.649
5.397 5.059 4.684
5.468 5.092 4.711
5.529 5.132 4.731
5.579 5.180 4.744
5.617 5.235 4.750
5.645 5.298 4.748
5.661 5.367 4.739
5.667 5.444 4.722
5.661 5.529 4.698
5.645 5.621 4.667
5.617 5.720 4.629
5.579 5.826 4.583
5.529 5.940 4.529
5.473 6.062 4.469
5.438 6.190 4.405
5.429 6.326 4.337
5.445 6.469 4.265
5.488 6.620 4.190
5.556 6.778 4.111
5.649 6.943 4.028
5.769 7.116 3.942
5.914 7.296 3.852
6.084 7.483 3.758
6.281 7.678 3.661
6.503 7.880 3.560
6.751 8.089 3.455
7.025 8.306 3.347
7.324 8.530 3.235
7.649 8.761 3.119
8.000 9.000 3.000
