0.000 0.000 0.000
0.066 0.066 -0.097
0.130 0.128 -0.188
0.192 0.187 -0.273
0.253 0.243 -0.351
0.311 0.296 -0.423
0.367 0.345 -0.489
0.422 0.392 -0.549
0.475 0.437 -0.604
0.527 0.478 -0.653
0.577 0.517 -0.697
0.625 0.553 -0.736
0.672 0.587 -0.770
0.717 0.618 -0.799
0.761 0.647 -0.823
0.804 0.674 -0.843
0.845 0.698 -0.858
0.886 0.720 -0.869
0.925 0.741 -0.876
0.963 0.759 -0.879
1.000 0.775 -0.878
1.035 0.790 -0.874
1.070 0.803 -0.866
1.104 0.814 -0.855
1.137 0.823 -0.840
1.169 0.831 -0.822
1.200 0.838 -0.801
1.231 0.843 -0.778
1.260 0.846 -0.752
1.289 0.849 -0.723
1.318 0.850 -0.691
1.345 0.850 -0.657
1.372 0.848 -0.621
1.399 0.846 -0.583
1.424 0.843 -0.543
1.450 0.839 -0.501
1.475 0.834 -0.457
1.499 0.828 -0.412
1.523 0.821 -0.365
1.546 0.814 -0.317
1.569 0.806 -0.267
1.592 0.797 -0.217
1.614 0.788 -0.165
1.637 0.779 -0.112
1.658 0.769 -0.058
1.680 0.758 -0.004
1.701 0.747 0.051
1.722 0.736 0.107
1.743 0.725 0.163
1.763 0.714 0.220
1.783 0.702 0.277
1.804 0.690 0.334
1.824 0.679 0.391
1.843 0.667 0.448
1.863 0.655 0.505
1.883 0.644 0.561
1.902 0.632 0.618
1.921 0.621 0.674
1.940 0.610 0.730
1.959 0.599 0.785
1.978 0.589 0.840
1.997 0.578 0.894
2.016 0.569 0.947
2.034 0.559 0.999
2.053 0.550 1.051
2.071 0.542 1.101
2.089 0.534 1.151
2.108 0.527 1.199
2.126 0.520 1.246
2.144 0.514 1.292
2.162 0.508 1.337
2.179 0.503 1.380
2.197 0.499 1.422
2.214 0.496 1.462
2.232 0.493 1.501
2.249 0.492 1.538
2.266 0.491 1.573
2.283 0.491 1.607
2.299 0.491 1.639
2.316 0.493 1.669
2.332 0.496 1.698
2.348 0.499 1.724
2.363 0.504 1.749
2.379 0.509 1.771
2.394 0.516 1.791
2.408 0.524 1.810
2.423 0.532 1.826
2.437 0.542 1.840
2.450 0.553 1.852
2.464 0.565 1.861
2.476 0.578 1.869
2.489 0.593 1.874
2.500 0.608 1.876
2.512 0.625 1.877
2.522 0.643 1.874
2.532 0.662 1.870
2.542 0.682 1.863
2.551 0.703 1.854
2.559 0.726 1.842
2.566 0.750 1.827
2.573 0.775 1.811
2.579 0.802 1.791
2.584 0.830 1.769
2.588 0.859 1.745
2.591 0.889 1.718
2.594 0.921 1.688
2.595 0.954 1.656
2.595 0.988 1.621
2.594 1.023 1.583
2.592 1.060 1.543
2.589 1.098 1.501
2.585 1.138 1.456
2.579 1.179 1.408
2.572 1.221 1.357
2.564 1.264 1.304
2.554 1.309 1.248
2.543 1.354 1.190
2.530 1.402 1.129
2.516 1.450 1.066
2.500 1.500 1.000
