-1.000 1.000 0.000
-0.946 0.861 0.000
-0.893 0.733 0.000
-0.839 0.617 0.000
-0.786 0.511 0.000
-0.732 0.416 0.000
-0.679 0.331 0.000
-0.626 0.256 0.000
-0.573 0.190 0.000
-0.520 0.133 0.000
-0.468 0.086 0.000
-0.415 0.047 0.000
-0.362 0.016 0.000
-0.310 -0.007 0.000
-0.257 -0.022 0.000
-0.205 -0.031 0.000
-0.152 -0.032 0.000
-0.100 -0.027 0.000
-0.048 -0.015 0.000
0.005 0.002 0.000
0.057 0.025 0.000
0.110 0.053 0.000
0.162 0.086 0.000
0.215 0.123 0.000
0.267 0.165 0.000
0.320 0.211 0.000
0.372 0.260 0.000
0.425 0.313 0.000
0.477 0.369 0.000
0.530 0.427 0.000
0.583 0.487 0.000
0.636 0.549 0.000
0.689 0.613 0.000
0.742 0.679 0.000
0.796 0.745 0.000
0.849 0.811 0.000
0.902 0.879 0.000
0.956 0.946 0.000
1.010 1.012 0.000
1.064 1.078 0.000
1.118 1.144 0.000
1.172 1.208 0.000
1.226 1.271 0.000
1.281 1.333 0.000
1.335 1.394 0.000
1.389 1.454 0.000
1.443 1.511 0.000
1.496 1.568 0.000
1.550 1.622 0.000
1.603 1.674 0.000
1.656 1.725 0.000
1.708 1.773 0.000
1.760 1.819 0.000
1.812 1.862 0.000
1.863 1.903 0.000
1.914 1.941 0.000
1.964 1.976 0.000
2.014 2.009 0.000
2.063 2.038 0.000
2.111 2.064 0.000
2.158 2.087 0.000
2.205 2.106 0.000
2.251 2.121 0.000
2.296 2.133 0.000
2.340 2.141 0.000
2.383 2.145 0.000
2.426 2.145 0.000
2.467 2.141 0.000
2.507 2.132 0.000
2.546 2.119 0.000
2.584 2.101 0.000
2.621 2.079 0.000
2.656 2.051 0.000
2.691 2.019 0.000
2.724 1.981 0.000
2.755 1.938 0.000
2.786 1.890 0.000
2.814 1.837 0.000
2.842 1.777 0.000
2.867 1.712 0.000
2.892 1.641 0.000
2.914 1.564 0.000
2.935 1.481 0.000
2.955 1.391 0.000
2.972 1.295 0.000
2.988 1.193 0.000
3.002 1.084 0.000
3.014 0.968 0.000
3.024 0.845 0.000
3.033 0.715 0.000
3.039 0.578 0.000
3.043 0.433 0.000
3.045 0.282 0.000
3.046 0.122 0.000
3.044 -0.045 0.000
3.039 -0.220 0.000
3.033 -0.403 0.000
3.024 -0.593 0.000
3.013 -0.793 0.000
3.000 -1.000 0.000
