0.000 0.000 0.000
-4.533 5.091 -0.001
-8.328 9.910 0.001
-11.449 14.472 0.012
-13.957 18.787 0.040
-15.916 22.869 0.090
-17.389 26.731 0.169
-18.439 30.385 0.285
-19.128 33.845 0.443
-19.520 37.122 0.651
-19.677 40.231 0.915
-19.663 43.182 1.242
-19.539 45.990 1.639
-19.370 48.667 2.111
-19.218 51.225 2.666
-19.147 53.678 3.311
-19.218 56.038 4.052
-19.494 58.317 4.896
-20.040 60.530 5.850
-20.917 62.688 6.919
-22.188 64.803 8.111
-23.883 66.888 9.406
-26.004 68.948 10.764
-28.550 70.993 12.141
-31.522 73.030 13.495
-34.919 75.066 14.783
-38.741 77.111 15.963
-42.987 79.172 16.991
-47.658 81.256 17.826
-52.754 83.371 18.424
-58.273 85.527 18.742
-64.216 87.729 18.739
-70.584 89.987 18.371
-77.374 92.308 17.596
-84.588 94.700 16.371
-92.225 97.170 14.653
-100.285 99.728 12.399
-108.768 102.380 9.568
-117.673 105.135 6.116
-127.000 108.000 2.000
