0.000 0.000 0.000
-8.148 1.727 -0.803
-15.022 3.697 -1.436
-20.713 5.890 -1.910
-25.312 8.282 -2.232
-28.907 10.852 -2.412
-31.584 13.580 -2.457
-33.424 16.446 -2.376
-34.510 19.430 -2.178
-34.918 22.514 -1.869
-34.724 25.679 -1.459
-34.002 28.908 -0.954
-32.821 32.183 -0.361
-31.250 35.488 0.312
-29.355 38.807 1.057
-27.198 42.126 1.869
-24.841 45.428 2.741
-22.341 48.702 3.665
-19.755 51.932 4.636
-17.135 55.107 5.648
-14.532 58.214 6.695
-11.995 61.241 7.770
-9.570 64.178 8.868
-7.299 67.014 9.985
-5.224 69.739 11.114
-3.383 72.345 12.251
-1.813 74.822 13.390
-0.546 77.163 14.527
0.387 79.360 15.658
0.956 81.407 16.777
1.136 83.298 17.882
0.904 85.026 18.967
0.237 86.588 20.030
-0.882 87.978 21.066
-2.470 89.193 22.072
-4.540 90.230 23.044
-7.105 91.087 23.980
-10.171 91.761 24.877
-13.746 92.251 25.732
-17.834 92.557 26.542
-22.436 92.678 27.305
-27.551 92.615 28.018
-33.174 92.369 28.680
-39.301 91.943 29.289
-45.923 91.337 29.844
-53.028 90.555 30.341
-60.603 89.602 30.781
-68.632 88.480 31.162
-77.097 87.194 31.484
-85.977 85.751 31.744
-95.248 84.155 31.944
-104.885 82.414 32.081
-114.858 80.535 32.157
-125.139 78.526 32.171
-135.692 76.394 32.123
-146.483 74.149 32.013
-157.474 71.800 31.841
-168.622 69.359 31.610
-179.887 66.834 31.318
-191.221 64.239 30.968
-202.577 61.585 30.560
-213.904 58.884 30.095
-225.149 56.150 29.576
-236.256 53.397 29.004
-247.168 50.639 28.381
-257.825 47.892 27.708
-268.162 45.170 26.989
-278.116 42.490 26.225
-287.617 39.869 25.419
-296.596 37.325 24.574
-304.980 34.875 23.693
-312.693 32.538 22.778
-319.658 30.334 21.834
-325.795 28.283 20.863
-331.020 26.404 19.870
-335.249 24.719 18.858
-338.394 23.250 17.831
-340.365 22.019 16.793
-341.069 21.049 15.750
-340.412 20.364 14.704
-338.295 19.987 13.661
-334.619 19.944 12.627
-329.281 20.259 11.605
-322.176 20.959 10.601
-313.197 22.071 9.621
-302.234 23.620 8.671
-289.175 25.636 7.755
-273.904 28.147 6.881
-256.305 31.181 6.053
-236.257 34.768 5.279
-213.639 38.938 4.565
-188.325 43.722 3.918
-160.189 49.152 3.344
-129.100 55.260 2.851
-94.928 62.077 2.446
-57.536 69.638 2.135
-16.788 77.976 1.928
27.456 87.126 1.831
75.337 97.122 1.852
127.000 108.000 2.000
