0.000 0.000 0.000
-6.104 0.868 -0.450
-11.532 1.892 -0.843
-16.319 3.062 -1.180
-20.500 4.368 -1.463
-24.109 5.800 -1.691
-27.180 7.349 -1.868
-29.745 9.006 -1.993
-31.835 10.760 -2.069
-33.483 12.604 -2.096
-34.717 14.529 -2.075
-35.569 16.526 -2.009
-36.067 18.587 -1.897
-36.238 20.704 -1.742
-36.111 22.869 -1.545
-35.712 25.076 -1.306
-35.067 27.316 -1.028
-34.201 29.583 -0.712
-33.139 31.869 -0.359
-31.904 34.169 0.030
-30.520 36.476 0.453
-29.009 38.784 0.908
-27.392 41.086 1.395
-25.690 43.378 1.912
-23.923 45.655 2.458
-22.111 47.909 3.031
-20.272 50.138 3.629
-18.424 52.336 4.251
-16.584 54.499 4.897
-14.769 56.623 5.563
-12.994 58.703 6.249
-11.274 60.735 6.953
-9.623 62.717 7.674
-8.056 64.645 8.410
-6.583 66.516 9.160
-5.219 68.326 9.921
-3.973 70.074 10.693
-2.856 71.758 11.474
-1.879 73.374 12.262
-1.049 74.921 13.056
-0.376 76.397 13.853
0.132 77.802 14.653
0.470 79.133 15.453
0.631 80.389 16.253
0.610 81.571 17.049
0.402 82.677 17.841
0.002 83.708 18.627
-0.591 84.662 19.406
-1.381 85.541 20.174
-2.369 86.345 20.932
-3.557 87.074 21.676
-4.944 87.729 22.405
-6.529 88.312 23.118
-8.313 88.823 23.812
-10.292 89.265 24.486
-12.465 89.639 25.138
-14.826 89.947 25.766
-17.374 90.192 26.368
-20.102 90.376 26.943
-23.004 90.501 27.488
-26.075 90.571 28.002
-29.308 90.589 28.482
-32.694 90.559 28.927
-36.225 90.484 29.335
-39.891 90.367 29.704
-43.683 90.214 30.032
-47.590 90.028 30.317
-51.600 89.815 30.557
-55.702 89.578 30.750
-59.881 89.323 30.894
-64.124 89.056 30.987
-68.417 88.781 31.028
-72.745 88.505 31.013
-77.091 88.234 30.941
-81.440 87.974 30.809
-85.773 87.731 30.617
-90.072 87.512 30.361
-94.319 87.324 30.040
-98.494 87.174 29.651
-102.577 87.070 29.193
-106.546 87.019 28.663
-110.380 87.028 28.058
-114.056 87.107 27.378
-117.552 87.264 26.619
-120.842 87.506 25.780
-123.902 87.844 24.858
-126.707 88.285 23.851
-129.230 88.839 22.757
-131.445 89.516 21.574
-133.323 90.325 20.299
-134.837 91.277 18.930
-135.957 92.381 17.464
-136.654 93.647 15.901
-136.896 95.088 14.236
-136.652 96.712 12.468
-135.891 98.533 10.595
-134.579 100.560 8.614
-132.683 102.806 6.523
-130.168 105.282 4.319
-127.000 108.000 2.000
