0.000 0.500 0.048
0.524 0.094 0.548
0.139 0.571 0.182
0.594 0.224 0.617
0.264 0.640 0.303
0.662 0.341 0.683
0.377 0.705 0.411
0.726 0.444 0.747
0.476 0.767 0.506
0.788 0.535 0.807
0.562 0.827 0.588
0.846 0.612 0.865
0.635 0.883 0.656
0.902 0.676 0.920
0.694 0.937 0.711
0.954 0.727 0.971
0.740 0.988 0.753
1.004 0.765 1.020
0.778 1.036 0.791
1.053 0.804 1.069
0.818 1.085 0.832
1.101 0.846 1.117
0.861 1.133 0.876
1.149 0.891 1.166
0.907 1.182 0.923
1.198 0.939 1.214
0.956 1.230 0.973
1.246 0.990 1.263
1.008 1.279 1.026
1.295 1.044 1.311
1.062 1.327 1.081
1.343 1.101 1.360
1.120 1.376 1.140
1.392 1.160 1.408
1.180 1.424 1.200
1.440 1.220 1.457
1.239 1.473 1.259
1.489 1.278 1.505
1.297 1.521 1.316
1.537 1.335 1.554
1.353 1.570 1.372
1.586 1.390 1.602
1.408 1.618 1.426
1.634 1.444 1.651
1.461 1.667 1.479
1.683 1.496 1.699
1.513 1.715 1.530
1.731 1.547 1.747
1.563 1.764 1.580
1.780 1.596 1.796
1.612 1.812 1.629
1.829 1.646 1.847
1.663 1.865 1.680
1.884 1.698 1.904
1.717 1.924 1.735
1.945 1.754 1.966
1.773 1.989 1.793
2.011 1.812 2.035
1.833 2.059 1.853
2.084 1.874 2.109
1.895 2.136 1.917
2.162 1.938 2.190
1.960 2.218 1.983
2.247 2.006 2.276
2.029 2.306 2.052
2.337 2.076 2.368
2.100 2.400 