1.000 1.000 1.000
1.035 1.226 1.463
1.070 1.447 1.911
1.105 1.662 2.344
1.140 1.872 2.761
1.175 2.077 3.163
1.210 2.277 3.550
1.245 2.471 3.921
1.280 2.660 4.277
1.315 2.844 4.617
1.350 3.023 4.942
1.385 3.196 5.251
1.420 3.364 5.545
1.455 3.526 5.824
1.490 3.684 6.088
1.525 3.836 6.336
1.560 3.982 6.568
1.595 4.124 6.785
1.630 4.260 6.987
1.665 4.391 7.174
1.700 4.516 7.345
1.735 4.637 7.500
1.770 4.752 7.641
1.805 4.861 7.765
1.840 4.966 7.875
1.875 5.065 7.969
1.910 5.159 8.048
1.945 5.247 8.111
1.980 5.331 8.159
2.015 5.409 8.192
2.050 5.481 8.209
2.085 5.549 8.210
2.120 5.611 8.197
2.155 5.668 8.168
2.187 5.720 8.130
2.213 5.769 8.091
2.233 5.814 8.050
2.248 5.856 8.007
2.257 5.894 7.963
2.260 5.929 7.916
2.257 5.960 7.868
2.248 5.987 7.819
2.233 6.011 7.767
2.213 6.031 7.714
2.187 6.048 7.659
2.155 6.061 7.603
2.117 6.071 7.544
2.073 6.077 7.484
2.023 6.079 7.422
1.968 6.078 7.359
1.907 6.074 7.293
1.840 6.065 7.226
1.767 6.053 7.158
1.688 6.038 7.087
1.604 6.019 7.015
1.513 5.997 6.941
1.417 5.970 6.865
1.315 5.941 6.788
1.207 5.908 6.709
1.093 5.871 6.628
0.974 5.830 6.545
0.848 5.786 6.461
0.717 5.739 6.375
0.580 5.688 6.287
0.437 5.633 6.197
0.289 5.575 6.106
0.134 5.513 6.013
-0.017 5.448 5.919
-0.157 5.381 5.825
-0.284 5.310 5.732
-0.398 5.237 5.638
-0.501 5.161 5.544
-0.591 5.083 5.451
-0.669 5.002 5.357
-0.735 4.918 5.264
-0.789 4.831 5.170
-0.831 4.742 5.077
-0.860 4.650 4.984
-0.878 4.556 4.890
-0.883 4.458 4.797
-0.875 4.358 4.704
-0.856 4.255 4.611
-0.825 4.150 4.518
-0.781 4.042 4.425
-0.725 3.931 4.332
-0.657 3.817 4.239
-0.576 3.701 4.146
-0.484 3.582 4.053
-0.379 3.460 3.960
-0.262 3.336 3.868
-0.133 3.209 3.775
0.008 3.079 3.682
0.162 2.947 3.590
0.327 2.811 3.497
0.505 2.673 3.405
0.695 2.533 3.312
0.897 2.390 3.220
1.112 2.244 3.128
1.339 2.095 3.036
1.577 1.943 2.943
