0.025 0.364 0.702
-0.026 0.433 0.699
-0.070 0.498 0.698
-0.105 0.561 0.700
-0.133 0.620 0.705
-0.154 0.676 0.711
-0.169 0.729 0.719
-0.178 0.778 0.730
-0.181 0.825 0.741
-0.179 0.868 0.754
-0.172 0.908 0.768
-0.161 0.945 0.783
-0.146 0.978 0.799
-0.127 1.009 0.816
-0.105 1.037 0.834
-0.079 1.062 0.852
-0.052 1.083 0.870
-0.021 1.102 0.888
0.011 1.118 0.907
0.045 1.132 0.925
0.080 1.142 0.944
0.117 1.150 0.962
0.155 1.155 0.980
0.194 1.158 0.997
0.233 1.158 1.014
0.272 1.155 1.031
0.312 1.150 1.046
0.351 1.143 1.062
0.391 1.134 1.076
0.430 1.122 1.090
0.468 1.109 1.103
0.506 1.093 1.115
0.544 1.075 1.126
0.580 1.056 1.136
0.615 1.034 1.146
0.650 1.011 1.154
0.683 0.987 1.162
0.716 0.960 1.169
0.747 0.933 1.174
0.777 0.904 1.179
0.806 0.873 1.183
0.833 0.842 1.186
0.860 0.809 1.189
0.885 0.776 1.190
0.909 0.742 1.191
0.932 0.707 1.192
0.954 0.671 1.191
0.975 0.635 1.190
0.996 0.598 1.189
1.015 0.561 1.187
1.034 0.524 1.185
1.053 0.487 1.183
1.071 0.451 1.180
1.089 0.414 1.178
1.107 0.377 1.175
1.125 0.341 1.173
1.142 0.306 1.171
1.160 0.272 1.169
1.179 0.238 1.167
1.197 0.205 1.166
1.216 0.173 1.166
1.235 0.143 1.165
1.255 0.113 1.166
1.275 0.086 1.167
1.296 0.060 1.169
1.317 0.035 1.171
1.339 0.013 1.174
1.362 -0.007 1.178
1.385 -0.026 1.183
1.409 -0.042 1.189
1.433 -0.055 1.196
1.459 -0.066 1.204
1.484 -0.074 1.213
1.510 -0.080 1.223
1.537 -0.082 1.233
1.564 -0.082 1.245
1.592 -0.078 1.258
1.620 -0.071 1.273
1.648 -0.060 1.288
1.676 -0.046 1.304
1.705 -0.027 1.322
1.734 -0.005 1.341
1.763 0.021 1.360
1.791 0.052 1.381
1.819 0.087 1.403
1.847 0.126 1.427
1.875 0.170 1.451
1.902 0.220 1.476
1.928 0.274 1.503
1.953 0.333 1.531
1.978 0.397 1.559
2.001 0.467 1.589
2.023 0.542 1.619
2.043 0.624 1.651
2.061 0.711 1.683
2.078 0.804 1.717
2.093 0.903 1.751
2.105 1.009 1.786
2.115 1.121 1.821
2.122 1.240 1.858
