-0.462 0.000 0.115
-0.454 0.000 0.124
-0.446 0.000 0.132
-0.438 0.000 0.140
-0.430 0.000 0.147
-0.422 0.000 0.155
-0.415 0.000 0.163
-0.407 0.000 0.170
-0.400 0.000 0.177
-0.393 0.000 0.184
-0.386 0.000 0.191
-0.380 0.000 0.198
-0.373 0.000 0.204
-0.366 0.000 0.211
-0.360 0.000 0.217
-0.354 0.000 0.223
-0.348 0.000 0.229
-0.342 0.000 0.235
-0.336 0.000 0.241
-0.331 0.000 0.247
-0.325 0.000 0.252
-0.320 0.000 0.257
-0.315 0.000 0.263
-0.310 0.000 0.268
-0.305 0.000 0.272
-0.300 0.000 0.277
-0.296 0.000 0.282
-0.291 0.000 0.286
-0.287 0.000 0.291
-0.283 0.000 0.295
-0.279 0.000 0.299
-0.275 0.000 0.303
-0.271 0.000 0.306
-0.268 0.000 0.310
-0.264 0.000 0.313
-0.261 0.000 0.317
-0.258 0.000 0.320
-0.255 0.000 0.323
-0.252 0.000 0.325
-0.249 0.000 0.328
-0.247 0.000 0.331
-0.244 0.000 0.333
-0.242 0.000 0.335
-0.240 0.000 0.338
-0.238 0.000 0.340
-0.236 0.000 0.341
-0.234 0.000 0.343
-0.233 0.000 0.345
-0.231 0.000 0.346
-0.230 0.000 0.347
-0.229 0.000 0.348
-0.228 0.000 0.349
-0.227 0.000 0.350
-0.227 0.000 0.351
-0.226 0.000 0.351
-0.226 0.000 0.352
-0.225 0.000 0.352
-0.225 0.000 0.352
-0.225 0.000 0.352
-0.226 0.000 0.352
-0.226 0.000 0.351
-0.226 0.000 0.351
-0.227 0.000 0.350
-0.228 0.000 0.350
-0.229 0.000 0.349
-0.230 0.000 0.348
-0.231 0.000 0.346
-0.232 0.000 0.345
-0.234 0.000 0.344
-0.235 0.000 0.342
-0.237 0.000 0.340
-0.239 0.000 0.338
-0.241 0.000 0.336
-0.243 0.000 0.334
-0.246 0.000 0.332
-0.248 0.000 0.329
-0.251 0.000 0.326
-0.254 0.000 0.324
-0.257 0.000 0.321
-0.260 0.000 0.318
-0.263 0.000 0.314
-0.266 0.000 0.311
-0.270 0.000 0.307
-0.274 0.000 0.304
-0.277 0.000 0.300
-0.281 0.000 0.296
-0.286 0.000 0.292
-0.290 0.000 0.288
-0.294 0.000 0.283
-0.299 0.000 0.279
-0.303 0.000 0.274
-0.308 0.000 0.269
-0.313 0.000 0.264
-0.318 0.000 0.259
-0.324 0.000 0.254
-0.329 0.000 0.248
-0.335 0.000 0.243
-0.340 0.000 0.237
-0.346 0.000 0.231
-0.352 0.000 0.225
