-2.194 -1.732 -1.617
-2.163 -1.710 -1.586
-2.133 -1.687 -1.555
-2.101 -1.664 -1.524
-2.070 -1.640 -1.493
-2.039 -1.616 -1.461
-2.007 -1.592 -1.429
-1.975 -1.567 -1.397
-1.942 -1.542 -1.365
-1.910 -1.517 -1.333
-1.877 -1.491 -1.300
-1.844 -1.465 -1.267
-1.811 -1.438 -1.234
-1.777 -1.411 -1.200
-1.744 -1.383 -1.166
-1.710 -1.356 -1.132
-1.675 -1.327 -1.098
-1.641 -1.299 -1.064
-1.606 -1.270 -1.029
-1.571 -1.241 -0.994
-1.536 -1.211 -0.959
-1.501 -1.181 -0.923
-1.465 -1.150 -0.888
-1.429 -1.119 -0.852
-1.393 -1.088 -0.815
-1.356 -1.056 -0.779
-1.320 -1.024 -0.742
-1.283 -0.992 -0.705
-1.246 -0.959 -0.668
-1.208 -0.926 -0.631
-1.171 -0.892 -0.593
-1.133 -0.858 -0.555
-1.095 -0.823 -0.517
-1.056 -0.789 -0.479
-1.018 -0.753 -0.440
-0.979 -0.718 -0.401
-0.940 -0.682 -0.362
-0.900 -0.646 -0.323
-0.861 -0.609 -0.283
-0.821 -0.572 -0.244
-0.781 -0.534 -0.203
-0.741 -0.496 -0.163
-0.700 -0.458 -0.123
-0.659 -0.419 -0.082
-0.618 -0.380 -0.041
-0.577 -0.341 0.001
-0.535 -0.301 0.042
-0.494 -0.261 0.084
-0.452 -0.220 0.126
-0.409 -0.179 0.168
-0.367 -0.138 0.211
-0.324 -0.096 0.253
-0.281 -0.054 0.296
-0.238 -0.011 0.340
-0.194 0.032 0.383
-0.151 0.075 0.427
-0.107 0.119 0.471
-0.062 0.163 0.515
-0.018 0.207 0.559
0.027 0.252 0.604
0.072 0.298 0.649
0.117 0.343 0.694
0.162 0.389 0.740
0.208 0.436 0.785
0.254 0.483 0.831
0.300 0.530 0.877
0.346 0.577 0.924
0.393 0.625 0.970
0.440 0.674 1.017
0.487 0.722 1.064
0.534 0.772 1.112
0.582 0.821 1.159
0.630 0.871 1.207
0.678 0.921 1.255
0.726 0.972 1.304
0.775 1.023 1.352
0.824 1.075 1.401
0.873 1.127 1.450
0.922 1.179 1.499
0.972 1.232 1.549
1.021 1.285 1.599
1.072 1.338 1.649
1.122 1.392 1.699
1.172 1.446 1.750
1.223 1.501 1.800
1.274 1.556 1.852
1.325 1.611 1.903
1.377 1.667 1.954
1.429 1.723 2.006
1.481 1.779 2.058
1.533 1.836 2.110
1.585 1.894 2.163
1.638 1.951 2.215
1.691 2.009 2.268
1.744 2.068 2.322
1.798 2.127 2.375
1.851 2.186 2.429
1.905 2.246 2.483
1.960 2.306 2.537
2.014 2.366 2.591
